WBD: 8.670000076293945
SNAP: 14.399999618530273
PARA: 11.520000457763672
T: 19.1200008392334
META: 476.7900085449219
AMC: 5.010000228881836
FREE: 4.860000133514404
NWARF: 1.0360000133514404
AAL: 10.579999923706055
F: 13.979999542236328
NCLH: 19.65999984741211
CHWY: 25.510000228881836
LUV: 27.18000030517578
UAL: 47.93000030517578
WH: 73.8499984741211
LOGI: 88.91999816894531
IHG: 106.54000091552734
TKO: 104.33999633789062
CHH: 127.44000244140625
TGT: 149.72999572753906
TSLA: 239.1999969482422
TM: 197.14999389648438
MAR: 243.91000366210938
WBA: 11.010000228881836
BUD: 60.45000076293945
SJM: 117.98999786376953
PEP: 169.36000061035156
COST: 838.1300048828125
COKE: 1085.5
ZNOG: 0.05999999865889549
URG: 1.350000023841858
UEC: 5.860000133514404
GTE: 9.649999618530273
TOPS: 10.569999694824219
BP: 35.380001068115234
XOM: 116.06999969482422
SOFI: 7.46999979019165
NU: 13.470000267028809
HOOD: 23.40999984741211
BAC: 42.900001525878906
PYPL: 59.33000183105469
C: 65.13999938964844
SQ: 68.0999984741211
ME: 0.44200000166893005
SONN: 0.8500000238418579
ADTX: 1.600000023841858
TLRY: 1.7899999618530273
CMPS: 7.300000190734863
MNMD: 7.929999828338623
ADMA: 13.359999656677246
PFE: 29.969999313354492
MRNA: 121.13999938964844
LLY: 857.469970703125
LUNR: 4.210000038146973
UPS: 145.17999267578125
XAR: 143.64999389648438
BA: 179.6699981689453
FDX: 306.30999755859375
DHR: 243.5399932861328
DE: 378.05999755859375
CHPT: 1.9600000381469727
SOUN: 4.929999828338623
AAOI: 9.675000190734863
GTLB: 53.56999969482422
ROKU: 62.54999923706055
NVDA: 117.93000030517578
DELL: 125.79000091552734
ARM: 163.39999389648438
AMD: 151.5800018310547
TSM: 165.77000427246094
GOOGL: 177.66000366210938
GOOG: 179.38999938964844
MDB: 251.4600067138672
CRM: 247.6300048828125
PANW: 330.8900146484375
MSFT: 437.1099853515625
ADBE: 551.0
FCX: 45.900001525878906
SCCO: 104.30000305175781
HE: 17.510000228881836
D: 51.40999984741211
AWK: 141.16000366210938
VONV: 78.9000015258789
VONG: 93.13999938964844
ADA-USD: 0.44607698917388916
DYDX-USD: 1.4475369453430176
ETH-USD: 3536.60546875
BTC-USD: 68154.5234375
OPTI.CN: 0.3449999988079071
BOE: 10.680000305175781
RSV=F: 1779.5999755859375
RSG=F: 3675.89990234375
